
Intensity (Wm-2)	Eff (%)	Voc (V)	Jsc (mAcm-2)	FF 	Area (cm2)	Vmpp (V)	Impp (A)	Rmpp (Ohm)
1.00000E+3	6.12429E+0	8.90000E-1	-1.08727E+1	6.32888E-1	1.60000E-1	6.50000E-1	-1.50752E-3	4.31173E+2


V(V)	J (Acm-2)
9.50000E-1	4.46102E-3
9.45000E-1	3.62179E-3
9.40000E-1	3.14524E-3
9.35000E-1	2.73199E-3
9.30000E-1	2.38638E-3
9.25000E-1	2.05629E-3
9.20000E-1	1.74230E-3
9.15000E-1	1.43133E-3
9.10000E-1	1.12187E-3
9.05000E-1	8.09052E-4
9.00000E-1	5.66149E-4
8.95000E-1	1.50547E-4
8.90000E-1	-1.25830E-4
8.85000E-1	-4.72115E-4
8.80000E-1	-6.71614E-4
8.75000E-1	-9.90801E-4
8.70000E-1	-1.29692E-3
8.65000E-1	-1.58744E-3
8.60000E-1	-1.90176E-3
8.55000E-1	-2.17654E-3
8.50000E-1	-2.45940E-3
8.45000E-1	-2.70024E-3
8.40000E-1	-3.00661E-3
8.35000E-1	-3.25320E-3
8.30000E-1	-3.49321E-3
8.25000E-1	-3.77847E-3
8.20000E-1	-4.02561E-3
8.15000E-1	-4.23212E-3
8.10000E-1	-4.50553E-3
8.05000E-1	-4.75324E-3
8.00000E-1	-4.96884E-3
7.95000E-1	-5.17733E-3
7.90000E-1	-5.42233E-3
7.85000E-1	-5.60453E-3
7.80000E-1	-5.85699E-3
7.75000E-1	-6.05122E-3
7.70000E-1	-6.19746E-3
7.65000E-1	-6.47664E-3
7.60000E-1	-6.56389E-3
7.55000E-1	-6.87171E-3
7.50000E-1	-6.91779E-3
7.45000E-1	-7.05372E-3
7.40000E-1	-7.24117E-3
7.35000E-1	-7.46216E-3
7.30000E-1	-7.61988E-3
7.25000E-1	-7.77172E-3
7.20000E-1	-7.88495E-3
7.15000E-1	-8.00859E-3
7.10000E-1	-8.12338E-3
7.05000E-1	-8.22904E-3
7.00000E-1	-8.39410E-3
6.95000E-1	-8.50540E-3
6.90000E-1	-8.62298E-3
6.85000E-1	-8.68765E-3
6.80000E-1	-8.81617E-3
6.75000E-1	-8.92776E-3
6.70000E-1	-8.96634E-3
6.65000E-1	-8.98398E-3
6.60000E-1	-9.19138E-3
6.55000E-1	-9.29512E-3
6.50000E-1	-9.42198E-3
6.45000E-1	-9.47254E-3
6.40000E-1	-9.51682E-3
6.35000E-1	-9.54227E-3
6.30000E-1	-9.66022E-3
6.25000E-1	-9.64558E-3
6.20000E-1	-9.79253E-3
6.15000E-1	-9.87990E-3
6.10000E-1	-9.89224E-3
6.05000E-1	-9.99669E-3
6.00000E-1	-9.94640E-3
5.95000E-1	-9.98862E-3
5.90000E-1	-1.01184E-2
5.85000E-1	-1.01247E-2
5.80000E-1	-1.01562E-2
5.75000E-1	-1.01324E-2
5.70000E-1	-1.02678E-2
5.65000E-1	-1.03035E-2
5.60000E-1	-1.02951E-2
5.55000E-1	-1.03484E-2
5.50000E-1	-1.03823E-2
5.45000E-1	-1.04593E-2
5.40000E-1	-1.04444E-2
5.35000E-1	-1.04520E-2
5.30000E-1	-1.04765E-2
5.25000E-1	-1.04519E-2
5.20000E-1	-1.05388E-2
5.15000E-1	-1.05743E-2
5.10000E-1	-1.05293E-2
5.05000E-1	-1.05730E-2
5.00000E-1	-1.06213E-2
4.95000E-1	-1.04329E-2
4.90000E-1	-1.05816E-2
4.85000E-1	-1.06261E-2
4.80000E-1	-1.06088E-2
4.75000E-1	-1.05102E-2
4.70000E-1	-1.06586E-2
4.65000E-1	-1.07713E-2
4.60000E-1	-1.07307E-2
4.55000E-1	-1.07024E-2
4.50000E-1	-1.07422E-2
4.45000E-1	-1.07328E-2
4.40000E-1	-1.06866E-2
4.35000E-1	-1.06486E-2
4.30000E-1	-1.06030E-2
4.25000E-1	-1.07678E-2
4.20000E-1	-1.07063E-2
4.15000E-1	-1.07312E-2
4.10000E-1	-1.06389E-2
4.05000E-1	-1.07045E-2
4.00000E-1	-1.07329E-2
3.95000E-1	-1.06913E-2
3.90000E-1	-1.06322E-2
3.85000E-1	-1.06566E-2
3.80000E-1	-1.06963E-2
3.75000E-1	-1.07054E-2
3.70000E-1	-1.07469E-2
3.65000E-1	-1.06814E-2
3.60000E-1	-1.07156E-2
3.55000E-1	-1.06044E-2
3.50000E-1	-1.06187E-2
3.45000E-1	-1.06952E-2
3.40000E-1	-1.07577E-2
3.35000E-1	-1.07094E-2
3.30000E-1	-1.07251E-2
3.25000E-1	-1.07492E-2
3.20000E-1	-1.06248E-2
3.15000E-1	-1.06041E-2
3.10000E-1	-1.07446E-2
3.05000E-1	-1.07880E-2
3.00000E-1	-1.07710E-2
2.95000E-1	-1.07000E-2
2.90000E-1	-1.07867E-2
2.85000E-1	-1.07995E-2
2.80000E-1	-1.07395E-2
2.75000E-1	-1.06860E-2
2.70000E-1	-1.07288E-2
2.65000E-1	-1.07929E-2
2.60000E-1	-1.08508E-2
2.55000E-1	-1.08602E-2
2.50000E-1	-1.09215E-2
2.45000E-1	-1.08378E-2
2.40000E-1	-1.08012E-2
2.35000E-1	-1.08278E-2
2.30000E-1	-1.09316E-2
2.25000E-1	-1.08785E-2
2.20000E-1	-1.08923E-2
2.15000E-1	-1.08861E-2
2.10000E-1	-1.06953E-2
2.05000E-1	-1.08451E-2
2.00000E-1	-1.08253E-2
1.95000E-1	-1.08658E-2
1.90000E-1	-1.08295E-2
1.85000E-1	-1.08905E-2
1.80000E-1	-1.08700E-2
1.75000E-1	-1.08138E-2
1.70000E-1	-1.08819E-2
1.65000E-1	-1.08543E-2
1.60000E-1	-1.08804E-2
1.55000E-1	-1.09148E-2
1.50000E-1	-1.08293E-2
1.45000E-1	-1.07696E-2
1.40000E-1	-1.07627E-2
1.35000E-1	-1.08596E-2
1.30000E-1	-1.08402E-2
1.25000E-1	-1.09412E-2
1.20000E-1	-1.09027E-2
1.15000E-1	-1.08940E-2
1.10000E-1	-1.08818E-2
1.05000E-1	-1.08916E-2
1.00000E-1	-1.08348E-2
9.50000E-2	-1.09278E-2
9.00000E-2	-1.09237E-2
8.50000E-2	-1.08832E-2
8.00000E-2	-1.09042E-2
7.50000E-2	-1.09621E-2
7.00000E-2	-1.09024E-2
6.50000E-2	-1.08103E-2
6.00000E-2	-1.08069E-2
5.50000E-2	-1.08032E-2
5.00000E-2	-1.09510E-2
4.50000E-2	-1.07700E-2
4.00000E-2	-1.08480E-2
3.50000E-2	-1.08882E-2
3.00000E-2	-1.08918E-2
2.50000E-2	-1.08635E-2
2.00000E-2	-1.08132E-2
1.50000E-2	-1.09234E-2
1.00000E-2	-1.07712E-2
5.00000E-3	-1.07450E-2
0.00000E+0	-1.08727E-2
-5.00000E-3	-1.08108E-2
-1.00000E-2	-1.09453E-2
-1.50000E-2	-1.09479E-2
-2.00000E-2	-1.09217E-2
-2.50000E-2	-1.07987E-2
-3.00000E-2	-1.09164E-2
-3.50000E-2	-1.09274E-2
-4.00000E-2	-1.08762E-2
-4.50000E-2	-1.08385E-2
-5.00000E-2	-1.08101E-2
-5.50000E-2	-1.09139E-2
-6.00000E-2	-1.09539E-2
-6.50000E-2	-1.09074E-2
-7.00000E-2	-1.08935E-2
-7.50000E-2	-1.09803E-2
-8.00000E-2	-1.08671E-2
-8.50000E-2	-1.09351E-2
-9.00000E-2	-1.08639E-2
-9.50000E-2	-1.08562E-2
-1.00000E-1	-1.08860E-2
-1.05000E-1	-1.08751E-2
-1.10000E-1	-1.09281E-2
-1.15000E-1	-1.09396E-2
-1.20000E-1	-1.07711E-2
-1.25000E-1	-1.08705E-2
-1.30000E-1	-1.09286E-2
-1.35000E-1	-1.08711E-2
-1.40000E-1	-1.09764E-2
-1.45000E-1	-1.09529E-2
-1.50000E-1	-1.09710E-2
-1.55000E-1	-1.09654E-2
-1.60000E-1	-1.08963E-2
-1.65000E-1	-1.08986E-2
-1.70000E-1	-1.09380E-2
-1.75000E-1	-1.08716E-2
-1.80000E-1	-1.09237E-2
-1.85000E-1	-1.09172E-2
-1.90000E-1	-1.08896E-2
-1.95000E-1	-1.08372E-2
-2.00000E-1	-1.07742E-2
